<!DOCTYPE html>
<html>
<head>
    <style>
        .container {
            display: flex;
            flex-direction: column;
            justify-content: center;
            align-items: center;
            height: 100vh;
            transform: translateY(-30%);
        }

        .loader {
            width: 80px;
            height: 80px;
        }

        @keyframes pulse {
            50% {
                opacity: .5
            }
        }

        .animate-blink {
            animation: pulse 1s infinite;
            animation-delay: 0s;
        }

        .duration-1000 {
            transition-duration: 1s;
        }

        body {
            font-family: Helvetica;
            background-color: #1f1f1f;
            color: #fafafa;
            overflow: hidden;
        }
    </style>
</head>

<body>
    <div class="container">
        <h2 id="loading-text">Loading Windsurf</h2>
        <div class="loader">
            <svg version="1.0" xmlns="http://www.w3.org/2000/svg"
 width="300.000000pt" height="84.000000pt" viewBox="0 0 300.000000 84.000000"
 preserveAspectRatio="xMidYMid meet">
<metadata>
Created by potrace 1.10, written by Peter Selinger 2001-2011
</metadata>
<g transform="translate(0.000000,84.000000) scale(0.100000,-0.100000)"
fill="#000000" stroke="none">
<path d="M1106 814 c-32 -32 -8 -68 41 -62 20 2 29 9 31 26 7 46 -40 69 -72
36z"/>
<path d="M1790 731 l0 -79 -37 20 c-99 51 -213 -29 -213 -149 0 -125 100 -200
205 -154 37 16 45 17 45 5 0 -9 11 -14 35 -14 l35 0 0 225 0 225 -35 0 -35 0
0 -79z m41 -180 c-2 -7 -14 9 -26 35 l-22 49 21 18 21 19 5 -54 c3 -29 3 -59
1 -67z m-70 50 c24 -25 29 -38 29 -80 0 -69 -31 -106 -90 -106 -59 0 -90 37
-90 106 0 42 5 55 29 80 20 20 39 29 61 29 22 0 41 -9 61 -29z m69 -156 c0
-38 -3 -45 -20 -45 -25 0 -26 22 -3 61 10 16 19 29 20 29 2 0 3 -20 3 -45z"/>
<path d="M2859 795 c-26 -14 -49 -59 -49 -96 0 -11 -9 -19 -22 -21 -18 -2 -24
-11 -26 -35 -3 -30 -1 -33 22 -33 l26 0 0 -125 0 -125 35 0 35 0 0 125 0 125
41 0 c39 0 40 1 37 33 -3 30 -6 32 -41 32 -33 0 -37 3 -37 26 0 38 24 55 55
41 22 -10 25 -9 31 15 12 47 -50 69 -107 38z m15 -129 c12 -24 12 -31 1 -42
-7 -8 -15 -19 -17 -25 -6 -19 -48 22 -48 47 0 17 38 58 47 50 1 -1 9 -14 17
-30z"/>
<path d="M16 732 c-3 -5 3 -35 15 -65 l21 -56 67 -7 c98 -10 179 -38 217 -75
19 -18 34 -39 34 -45 0 -7 5 -16 11 -19 7 -5 9 8 4 41 -23 168 -84 221 -265
231 -62 4 -99 2 -104 -5z m179 -23 c68 -17 103 -41 127 -86 22 -42 20 -65 -4
-46 -23 18 -97 43 -140 48 -114 13 -114 13 -124 63 l-6 32 53 0 c30 0 72 -5
94 -11z"/>
<path d="M1330 672 c-23 -11 -42 -31 -55 -59 -11 -24 -22 -43 -25 -43 -3 0 -7
14 -8 31 -2 24 2 32 18 36 11 3 20 14 20 24 0 15 -7 19 -35 19 l-35 0 0 -160
0 -160 35 0 35 0 0 108 c1 116 7 134 54 152 38 14 76 2 87 -27 5 -13 9 -71 9
-129 l0 -104 33 0 32 0 -3 122 c-4 144 -13 175 -58 194 -44 18 -62 18 -104 -4z"/>
<path d="M1974 676 c-60 -26 -82 -91 -46 -135 9 -12 46 -32 82 -45 51 -19 66
-29 68 -46 7 -42 -50 -54 -104 -21 -29 17 -31 18 -52 1 l-21 -17 24 -23 c26
-25 96 -44 129 -35 60 17 96 56 96 104 0 33 -42 71 -99 90 -58 19 -78 38 -68
65 9 23 68 21 99 -4 24 -19 26 -19 42 -1 25 27 19 40 -26 61 -50 23 -81 24
-124 6z"/>
<path d="M2634 671 c-19 -12 -37 -35 -48 -65 -22 -57 -36 -59 -36 -5 0 36 2
41 20 36 16 -4 20 0 20 19 0 21 -5 24 -35 24 l-35 0 0 -160 0 -160 35 0 35 0
0 101 c0 98 1 101 30 131 24 24 35 28 59 23 26 -5 29 -3 35 26 3 17 3 35 0 40
-9 15 -47 10 -80 -10z"/>
<path d="M601 673 c0 -5 24 -75 53 -158 47 -135 54 -150 76 -153 23 -2 28 5
59 84 21 53 30 89 24 93 -13 7 2 51 16 51 14 0 25 -45 16 -60 -4 -7 8 -47 26
-91 30 -68 37 -79 59 -79 23 0 28 10 74 148 27 81 51 153 54 160 3 8 -7 12
-31 12 l-34 0 -31 -96 c-26 -82 -28 -99 -17 -111 11 -10 11 -20 3 -43 -12 -37
-24 -38 -41 -2 -18 34 -12 58 9 41 8 -6 -3 26 -24 72 -53 117 -69 118 -119 8
l-38 -82 -35 107 -34 106 -33 0 c-18 0 -33 -3 -32 -7z m145 -206 c18 7 17 -15
0 -46 l-14 -25 -16 32 c-17 33 -13 63 6 44 6 -6 17 -8 24 -5z"/>
<path d="M1100 520 l0 -160 35 0 35 0 0 160 0 160 -35 0 -35 0 0 -160z"/>
<path d="M2190 570 c0 -124 12 -168 56 -196 38 -26 96 -24 133 4 30 22 31 22
31 2 0 -16 6 -20 35 -20 l35 0 0 160 0 160 -35 0 -35 0 0 -109 c0 -122 -10
-146 -67 -157 -26 -5 -37 -1 -57 19 -25 25 -26 31 -26 137 l0 110 -35 0 -35 0
0 -110z m70 -155 c8 -10 9 -15 2 -15 -16 0 -32 35 -31 67 1 28 1 28 9 -4 4
-18 13 -40 20 -48z m190 20 c0 -24 -5 -35 -14 -35 -24 0 -28 18 -10 45 21 33
24 32 24 -10z"/>
<path d="M70 550 c0 -7 7 -37 17 -66 l16 -52 61 -7 c107 -12 172 -49 209 -120
l16 -30 1 36 c0 48 -22 120 -50 160 -32 44 -117 81 -202 87 -51 4 -68 2 -68
-8z m139 -25 c55 -14 115 -61 127 -98 9 -28 0 -30 -43 -8 -22 10 -59 22 -84
26 -68 9 -77 14 -93 47 -26 51 -4 59 93 33z"/>
<path d="M124 375 c-3 -7 4 -41 17 -74 21 -59 23 -61 58 -61 88 0 141 -34 166
-107 l14 -38 1 55 c1 145 -60 211 -213 233 -27 4 -40 2 -43 -8z m106 -26 c46
-14 86 -47 99 -81 13 -34 4 -41 -28 -23 -14 7 -47 17 -72 20 -36 5 -49 11 -58
31 -27 60 -12 74 59 53z"/>
<path d="M632 218 c-7 -7 -12 -17 -12 -24 0 -7 -6 -14 -12 -17 -10 -4 -10 -7
0 -18 6 -7 12 -35 12 -61 0 -36 4 -48 15 -48 11 0 15 12 15 49 0 34 4 51 15
55 8 3 15 10 15 16 0 5 -7 10 -15 10 -22 0 -18 17 6 23 12 3 18 10 14 16 -8
15 -38 14 -53 -1z m31 -8 c-27 -11 -31 -39 -5 -41 16 -1 16 -2 0 -6 -14 -3
-18 -16 -20 -56 l-2 -52 -3 50 c-3 27 -10 53 -16 57 -9 6 -9 8 1 8 6 0 12 8
12 18 0 24 9 32 34 31 20 0 20 -1 -1 -9z"/>
<path d="M1340 140 c0 -73 3 -90 15 -90 12 0 15 17 15 90 0 73 -3 90 -15 90
-12 0 -15 -17 -15 -90z m17 -42 c-2 -24 -4 -5 -4 42 0 47 2 66 4 43 2 -24 2
-62 0 -85z"/>
<path d="M1937 223 c-4 -3 -7 -19 -7 -35 0 -15 -5 -28 -11 -28 -5 0 -7 5 -4
10 4 6 -6 10 -22 10 l-28 -1 29 -15 c32 -18 43 -11 49 31 2 17 5 -7 6 -52 1
-71 -1 -82 -15 -76 -11 4 -12 9 -5 16 6 6 11 15 11 21 0 5 -6 1 -14 -9 -8 -11
-12 -23 -10 -27 3 -5 -7 -8 -23 -8 -22 0 -25 2 -13 10 8 5 11 10 5 11 -5 0
-18 2 -27 4 -11 2 -15 -2 -11 -11 6 -16 33 -23 81 -22 l32 1 0 89 c0 81 -5 99
-23 81z"/>
<path d="M710 170 c-11 -7 -11 -10 -2 -10 7 0 10 -5 6 -12 -4 -7 -3 -8 5 -4 6
4 9 12 6 17 -4 5 9 9 27 9 25 0 29 -3 18 -10 -9 -6 -10 -10 -3 -10 6 0 15 -10
19 -22 6 -19 7 -20 16 -4 21 38 -50 73 -92 46z"/>
<path d="M830 114 c0 -50 3 -64 15 -64 11 0 15 11 13 48 l-1 47 -7 -45 -7 -45
-1 58 c-2 53 -1 56 17 46 19 -13 51 -6 51 10 0 5 -18 9 -40 9 l-40 0 0 -64z"/>
<path d="M934 165 c8 -7 12 -16 8 -20 -4 -5 -1 -5 6 -1 7 4 10 12 7 17 -4 5 5
9 19 9 20 0 24 -4 20 -17 -5 -14 -4 -15 4 -4 7 9 12 10 16 2 4 -6 12 -9 17 -5
5 3 7 10 4 15 -4 5 5 9 19 9 20 0 24 -4 20 -17 -5 -15 -4 -16 5 -3 8 12 11 4
13 -35 l1 -50 4 43 c3 25 -1 50 -8 58 -13 16 -55 19 -64 4 -5 -8 -11 -8 -19
-1 -7 6 -30 10 -51 9 -31 -1 -35 -3 -21 -13z"/>
<path d="M1137 162 c-10 -10 -16 -32 -16 -48 2 -28 2 -28 9 6 5 22 8 28 10 15
1 -11 2 -24 1 -29 -2 -12 20 -36 33 -36 6 0 3 5 -6 11 -31 17 -20 29 27 29 37
0 45 3 45 18 0 46 -72 69 -103 34z m83 -7 c6 -8 10 -20 7 -27 -4 -8 -6 -7 -6
4 -1 9 -5 20 -11 23 -6 3 -7 -1 -4 -9 5 -12 -1 -16 -24 -16 -28 0 -48 20 -35
34 12 12 61 6 73 -9z"/>
<path d="M1274 165 c8 -7 13 -15 9 -19 -4 -4 4 -3 17 2 39 15 36 32 -6 30 -31
-1 -34 -3 -20 -13z"/>
<path d="M1380 168 c1 -7 9 -28 19 -47 14 -27 19 -30 24 -17 4 10 0 30 -8 47
-16 30 -35 39 -35 17z"/>
<path d="M1619 171 c7 -5 23 -6 35 -4 15 3 17 2 8 -5 -11 -8 -11 -10 1 -15 21
-8 29 3 16 20 -6 7 -26 13 -43 13 -21 0 -27 -3 -17 -9z"/>
<path d="M1720 170 c-11 -7 -11 -10 -2 -10 7 0 10 -4 7 -10 -3 -6 1 -7 10 -3
13 5 14 7 3 14 -8 6 -1 9 22 9 26 0 31 -3 20 -10 -8 -5 -10 -10 -5 -11 6 0 18
-2 28 -4 18 -3 18 -3 1 16 -18 20 -59 25 -84 9z"/>
<path d="M1995 160 c-10 -11 -15 -23 -12 -27 4 -3 7 -1 7 5 0 7 6 11 13 10 6
-2 11 3 10 10 -2 7 9 12 30 12 24 0 28 -3 17 -10 -12 -7 -10 -9 7 -7 17 1 19
4 11 14 -16 20 -63 16 -83 -7z"/>
<path d="M2120 115 c0 -36 3 -65 8 -65 4 0 7 29 7 65 0 36 -3 65 -7 65 -5 0
-8 -29 -8 -65z"/>
<path d="M2172 133 l1 -48 7 45 6 45 5 -45 6 -45 1 48 c2 36 -2 47 -13 47 -11
0 -15 -11 -13 -47z"/>
<path d="M2268 119 c3 -43 1 -59 -7 -54 -6 3 -8 11 -5 17 4 7 2 8 -5 4 -9 -6
-9 -11 0 -22 22 -26 29 -14 29 51 0 36 -3 65 -7 65 -5 0 -6 -28 -5 -61z"/>
<path d="M2310 113 c0 -34 3 -63 8 -63 4 0 5 28 4 61 -3 43 -1 59 7 54 6 -3 8
-11 5 -17 -4 -7 -2 -8 5 -4 6 4 9 11 6 16 -3 5 9 11 27 13 23 3 18 4 -14 4
l-48 0 0 -64z"/>
<path d="M2411 166 c-8 -10 -9 -16 -1 -21 9 -6 14 1 11 18 0 4 10 7 24 7 19 0
23 -4 19 -17 -5 -15 -4 -16 5 -3 9 12 11 13 11 1 0 -8 3 -11 6 -8 12 11 -17
37 -41 37 -12 0 -28 -6 -34 -14z"/>
<path d="M1589 163 c-5 -31 -3 -80 3 -77 4 2 9 0 13 -6 3 -5 0 -10 -7 -10 -9
0 -9 -3 2 -10 8 -5 26 -9 40 -9 23 1 23 2 -5 9 -16 4 -23 8 -15 9 12 1 12 4
-2 12 -21 12 -24 49 -5 69 9 11 8 11 -7 0 -18 -14 -19 -13 -13 3 3 9 4 17 2
17 -3 0 -6 -3 -6 -7z"/>
<path d="M2038 133 c-56 -6 -46 -23 12 -23 41 0 50 3 49 18 0 10 -3 12 -6 5
-2 -7 -9 -13 -14 -13 -6 0 -7 5 -4 10 3 6 5 9 3 8 -2 -1 -20 -3 -40 -5z"/>
<path d="M1002 90 c1 -22 6 -40 10 -40 4 0 8 18 8 40 0 22 -5 40 -10 40 -6 0
-10 -17 -8 -40z"/>
<path d="M1796 107 c-3 -15 -12 -27 -19 -27 -8 0 -7 -4 3 -10 11 -7 6 -10 -20
-10 -26 0 -31 3 -20 10 8 5 11 10 5 11 -5 0 -18 2 -28 4 -18 3 -18 3 -1 -16
37 -41 114 -8 96 41 l-9 24 -7 -27z"/>
<path d="M2392 90 c1 -22 6 -40 10 -40 4 0 8 18 8 40 0 22 -5 40 -10 40 -6 0
-10 -17 -8 -40z"/>
<path d="M773 85 c-10 -11 -10 -15 0 -18 7 -3 -4 -6 -23 -6 -26 -1 -31 2 -20
9 8 5 11 10 5 11 -5 0 -18 2 -28 4 -18 3 -18 3 -1 -16 9 -10 29 -19 44 -19 27
0 69 34 57 47 -4 3 -7 0 -7 -8 0 -10 -3 -10 -8 -3 -5 9 -10 8 -19 -1z"/>
<path d="M1980 94 c0 -32 66 -56 99 -35 18 11 5 32 -15 24 -13 -5 -13 -7 -2
-14 8 -6 1 -9 -22 -9 -19 0 -30 4 -24 8 9 5 8 11 -2 20 -11 10 -14 10 -14 0 0
-9 -3 -9 -10 2 -5 8 -10 10 -10 4z"/>
<path d="M1429 53 c-1 -7 -2 -19 -3 -25 -1 -7 -5 -16 -11 -20 -6 -5 -3 -8 6
-8 21 0 32 27 19 48 -6 11 -10 13 -11 5z"/>
</g>
</svg>
        </div>
    </div>
</body>
</html>
